-4.383569071968500452e+01 9.718138665820832856e+00 1.600000000000000000e+01 1.300000000000000000e+01 1.000000000000000000e+00
-4.851433667992694865e+01 2.231410174097749533e+01 6.800000000000000000e+01 6.000000000000000000e+00 0.000000000000000000e+00
2.299668219851219320e+01 -5.116993851726453357e+01 -7.500000000000000000e+01 6.000000000000000000e+00 2.000000000000000000e+00
1.124221586387587877e+02 3.871005356495587790e+01 -1.100000000000000000e+01 2.100000000000000000e+01 0.000000000000000000e+00
1.137955562407706083e+02 1.437572188982568910e+01 5.400000000000000000e+01 5.000000000000000000e+00 0.000000000000000000e+00
8.795159770656360365e+01 8.825914378047633591e+01 -7.500000000000000000e+01 8.000000000000000000e+00 1.000000000000000000e+00
9.168716962952582605e+01 4.139834447567385922e+01 1.360000000000000000e+02 8.000000000000000000e+00 0.000000000000000000e+00
9.309768287689625765e+01 1.060714113005275827e+01 -2.400000000000000000e+01 3.000000000000000000e+00 0.000000000000000000e+00
8.386284447027844635e+01 -1.905317079527415913e+01 -1.210000000000000000e+02 9.000000000000000000e+00 1.000000000000000000e+00
8.002697759533616306e+01 -3.731719251170380858e+01 -1.010000000000000000e+02 5.000000000000000000e+00 1.000000000000000000e+00
7.184309679344816857e+01 5.552665524887337511e+01 -1.270000000000000000e+02 2.100000000000000000e+01 1.000000000000000000e+00
7.004188336734192433e+01 5.651667518844035953e+01 -1.180000000000000000e+02 1.000000000000000000e+01 1.000000000000000000e+00
6.756534943739832499e+01 4.855062878482892330e+01 -1.310000000000000000e+02 1.300000000000000000e+01 1.000000000000000000e+00
6.224939830369847726e+01 3.022668375504499849e+01 -1.580000000000000000e+02 6.000000000000000000e+00 1.000000000000000000e+00
6.240731454651074017e+01 2.700605656316503200e+01 -1.540000000000000000e+02 1.100000000000000000e+01 1.000000000000000000e+00
6.084612939250229147e+01 -6.105889401185439169e+01 -5.900000000000000000e+01 9.000000000000000000e+00 1.000000000000000000e+00
5.080321747673145438e+01 1.061334509058888642e+01 -1.240000000000000000e+02 1.900000000000000000e+01 2.000000000000000000e+00
4.662193498474622544e+01 -2.017511284424688256e+01 -1.830000000000000000e+02 1.500000000000000000e+01 0.000000000000000000e+00
4.445206223147342683e+01 -6.326465313997514883e+00 7.500000000000000000e+01 9.000000000000000000e+00 0.000000000000000000e+00
4.182442405957082343e+01 -1.985969667656566173e+01 6.100000000000000000e+01 8.000000000000000000e+00 0.000000000000000000e+00
4.224107734986275631e+01 -3.347986535700093924e+01 4.500000000000000000e+01 3.000000000000000000e+00 0.000000000000000000e+00
3.843338855246953756e+01 -1.591963078638772622e+01 -2.130000000000000000e+02 1.600000000000000000e+01 1.000000000000000000e+00
3.764080538258640729e+01 -1.771241852910703685e+01 -2.450000000000000000e+02 1.800000000000000000e+01 1.000000000000000000e+00
3.856836582242870293e+01 -5.044532840399904927e+01 -3.900000000000000000e+01 9.000000000000000000e+00 0.000000000000000000e+00
3.365455893038070911e+01 8.453440908974997114e+00 2.220000000000000000e+02 9.000000000000000000e+00 0.000000000000000000e+00
3.339994912890380618e+01 -5.829396742100807077e-02 -6.100000000000000000e+01 9.000000000000000000e+00 0.000000000000000000e+00
3.288831068268237345e+01 -1.883531312294437043e+01 -2.390000000000000000e+02 7.000000000000000000e+00 1.000000000000000000e+00
3.138201178173647321e+01 5.139001511086866536e+00 -8.500000000000000000e+01 1.200000000000000000e+01 0.000000000000000000e+00
3.118617858905652440e+01 -4.554626510496193248e+01 -1.700000000000000000e+02 9.000000000000000000e+00 2.000000000000000000e+00
2.974846999826784355e+01 -2.315855204373015752e+01 -2.960000000000000000e+02 8.000000000000000000e+00 1.000000000000000000e+00
2.829791102771527989e+01 -1.536451208035940219e+01 -1.220000000000000000e+02 2.300000000000000000e+01 1.000000000000000000e+00
2.744594649613912196e+01 -8.391067925542531114e+00 -1.320000000000000000e+02 3.000000000000000000e+00 1.000000000000000000e+00
2.622811538011711008e+01 -2.271950623599167329e+01 -2.900000000000000000e+01 4.000000000000000000e+00 1.000000000000000000e+00
2.500458584087825642e+01 -2.259337705891154968e+01 -1.730000000000000000e+02 6.000000000000000000e+00 1.000000000000000000e+00
2.419041439918626679e+01 -2.360643664756799964e+01 -1.000000000000000000e+01 1.700000000000000000e+01 2.000000000000000000e+00
2.225921276672634619e+01 -1.874399762605637321e+01 -1.600000000000000000e+02 4.000000000000000000e+00 1.000000000000000000e+00
1.814669526714930115e+01 5.361210172042522970e+01 2.630000000000000000e+02 9.000000000000000000e+00 0.000000000000000000e+00
1.870102307416073728e+01 -7.613692754491547987e+01 -6.300000000000000000e+01 4.000000000000000000e+00 2.000000000000000000e+00
1.293971360937185899e+01 4.006212440332435420e+01 9.400000000000000000e+01 8.000000000000000000e+00 0.000000000000000000e+00
1.266252143478179448e+01 -4.826666086351625040e+01 -9.800000000000000000e+01 1.000000000000000000e+01 0.000000000000000000e+00
1.013767194708974095e+01 4.127320689615952176e+01 1.740000000000000000e+02 1.200000000000000000e+01 0.000000000000000000e+00
6.964015185570006317e+00 -7.367158538062793127e+01 -7.400000000000000000e+01 1.000000000000000000e+01 2.000000000000000000e+00
9.598823540505720953e-01 -5.499162323360152271e+01 4.900000000000000000e+01 1.600000000000000000e+01 2.000000000000000000e+00
-2.127283209443340706e+00 5.075543976902200427e+01 9.900000000000000000e+01 2.100000000000000000e+01 0.000000000000000000e+00
-4.008908934702625437e+00 -3.879340986756979248e+01 2.400000000000000000e+01 1.800000000000000000e+01 2.000000000000000000e+00
-5.019739276154677299e+00 2.967848071582220015e+01 -9.600000000000000000e+01 8.000000000000000000e+00 2.000000000000000000e+00
-1.271536856040226127e+01 2.584104104662065993e+01 2.040000000000000000e+02 7.000000000000000000e+00 2.000000000000000000e+00
-1.542148484717104218e+01 -4.556081435958398629e+01 -1.110000000000000000e+02 1.500000000000000000e+01 1.000000000000000000e+00
-1.876425082128707800e+01 -4.024006574442724826e+01 -1.800000000000000000e+01 7.000000000000000000e+00 2.000000000000000000e+00
-1.902254934836071598e+01 1.830580826648147053e+01 4.000000000000000000e+00 2.600000000000000000e+01 2.000000000000000000e+00
-2.296778295205448472e+01 -1.139075104910440643e+02 -7.300000000000000000e+01 4.000000000000000000e+00 0.000000000000000000e+00
-2.685010640998526910e+01 4.348768305217905805e+00 1.020000000000000000e+02 7.000000000000000000e+00 0.000000000000000000e+00
-2.747340663665666227e+01 1.846136310722775065e+01 2.030000000000000000e+02 9.000000000000000000e+00 1.000000000000000000e+00
-3.067439018453654853e+01 -2.069013742841762848e+01 -8.000000000000000000e+01 4.000000000000000000e+00 2.000000000000000000e+00
-2.872674991765727981e+01 5.119046629176547469e+01 2.020000000000000000e+02 6.000000000000000000e+00 0.000000000000000000e+00
-3.340803431651250577e+01 -3.248789379302270675e+01 7.600000000000000000e+01 6.000000000000000000e+00 2.000000000000000000e+00
-3.254041803628245333e+01 2.113199455858304532e+01 1.760000000000000000e+02 1.500000000000000000e+01 1.000000000000000000e+00
-3.654627203970331095e+01 -2.110000000000000497e+01 1.160000000000000000e+02 5.000000000000000000e+00 2.000000000000000000e+00
-3.502240020754532424e+01 1.693048976558354113e+01 1.610000000000000000e+02 7.000000000000000000e+00 1.000000000000000000e+00
-3.877730695398813054e+01 6.977138768591586881e+00 -5.500000000000000000e+01 1.100000000000000000e+01 1.000000000000000000e+00
-4.175476779553887496e+01 -4.308757786579132443e+01 0.000000000000000000e+00 4.000000000000000000e+00 1.000000000000000000e+00
-4.226282176680728497e+01 -5.428898503662671970e+01 -7.900000000000000000e+01 6.000000000000000000e+00 1.000000000000000000e+00
-4.040795599966646279e+01 1.029985883053838513e+01 1.590000000000000000e+02 1.600000000000000000e+01 1.000000000000000000e+00
-4.080851346656144329e+01 1.723819099121114107e+01 1.630000000000000000e+02 1.600000000000000000e+01 1.000000000000000000e+00
-4.127392138203981631e+01 1.609202950995294401e+01 -6.400000000000000000e+01 1.600000000000000000e+01 1.000000000000000000e+00
-4.521035821093104090e+01 -4.780861334989020861e+01 -1.240000000000000000e+02 8.000000000000000000e+00 2.000000000000000000e+00
-4.902200756730110243e+01 -1.325237064606611170e+02 2.400000000000000000e+01 6.000000000000000000e+00 2.000000000000000000e+00
-4.128468504722629717e+01 3.959058954538728869e+01 9.300000000000000000e+01 1.400000000000000000e+01 0.000000000000000000e+00
-4.570920018093880799e+01 1.529408443872544154e+01 5.400000000000000000e+01 8.000000000000000000e+00 2.000000000000000000e+00
-4.356886012269374220e+01 9.739940671076568890e+01 -2.300000000000000000e+01 8.000000000000000000e+00 2.000000000000000000e+00
-6.851325345744490392e+01 -7.270449848995531283e+01 -1.200000000000000000e+01 4.000000000000000000e+00 0.000000000000000000e+00
-7.574700439373872030e+01 1.902633242048835172e+01 -9.000000000000000000e+00 9.000000000000000000e+00 0.000000000000000000e+00
-9.309171058334850102e+01 -2.303786927356958003e+01 8.000000000000000000e+00 3.000000000000000000e+00 0.000000000000000000e+00
-9.311386385542472510e+01 -2.252661443522814366e+01 -6.600000000000000000e+01 3.000000000000000000e+00 0.000000000000000000e+00
-1.022180140108245325e+02 1.491199556340057875e+01 4.000000000000000000e+01 4.000000000000000000e+00 1.000000000000000000e+00
-1.163984044176004744e+02 -6.094661899772904068e-01 9.000000000000000000e+01 7.000000000000000000e+00 1.000000000000000000e+00
-1.193934532222421581e+02 1.250331023479790638e+00 1.090000000000000000e+02 1.000000000000000000e+01 1.000000000000000000e+00
